val_loss: 1.0744285879926827
accuracy: 0.6995895575812533
macro_precision: 0.6200227241724166
macro_recall: 0.5843072142410691
macro_f1: 0.5958603984313742
weighted_precision: 0.6900973539167431
weighted_recall: 0.6995895575812533
weighted_f1: 0.6908737202712223

Classification Report:
              precision    recall  f1-score   support

           0     0.4781    0.5653    0.5181       329
           1     0.5364    0.5036    0.5195       278
           2     0.5322    0.5241    0.5281       914
           3     0.6173    0.5306    0.5707      1210
           4     0.5771    0.4854    0.5273       239
           5     0.6246    0.5080    0.5603      1120
           6     0.6166    0.7185    0.6636       714
           7     0.6190    0.5200    0.5652       225
           8     0.7810    0.8381    0.8086       698
           9     0.5850    0.4155    0.4859       207
          10     0.7345    0.7976    0.7647      3517
          11     0.6244    0.4375    0.5145       304
          12     0.4201    0.4007    0.4102       302
          13     0.7391    0.8066    0.7714      1236
          14     0.4515    0.4102    0.4298       295
          15     0.4982    0.5256    0.5115       527
          16     0.5614    0.4266    0.4848      1329
          17     0.7865    0.8415    0.8131       858
          18     0.5027    0.4003    0.4457       687
          19     0.5872    0.5872    0.5872       218
          20     0.5830    0.5512    0.5667       586
          21     0.5604    0.5913    0.5755       345
          22     0.6578    0.7467    0.6994      1717
          23     0.5682    0.4194    0.4826       775
          24     0.8023    0.8443    0.8228      7005
          25     0.7764    0.7510    0.7635      1225
          26     0.6588    0.6278    0.6429       489
          27     0.7710    0.5311    0.6289       450
          28     0.8022    0.7718    0.7867      1030
          29     0.6084    0.5686    0.5878       459
          30     0.8447    0.8816    0.8628      1943
          31     0.5328    0.3294    0.4071       419
          32     0.6117    0.5316    0.5688       412
          33     0.5508    0.6550    0.5984       745
          34     0.8022    0.8837    0.8410      1960
          35     0.3000    0.0682    0.1111       264
          36     0.8697    0.8490    0.8592       755
          37     0.4824    0.4795    0.4809       513
          38     0.7077    0.8550    0.7744      3676
          39     0.5094    0.3365    0.4053       728
          40     0.4957    0.3309    0.3969       689
          41     0.6723    0.6946    0.6833       514

    accuracy                         0.6996     41906
   macro avg     0.6200    0.5843    0.5959     41906
weighted avg     0.6901    0.6996    0.6909     41906

